Extension,-2.28 , 2.50 , 0.01 , 1.14 , -4.28 , 0.00
Extension,-3.94 , 4.51 , 1.22 , 1.81 , -7.56 , 0.00
Extension,-5.25 , 6.08 , 0.29 , 2.28 , -10.18 , 0.00
Extension,-5.84 , 7.27 , 0.58 , 2.65 , -11.86 , 0.00
Extension,-6.38 , 8.28 , 0.31 , 3.02 , -12.99 , 0.00
Extension,-6.83 , 8.76 , 0.13 , 3.18 , -13.82 , 0.00
Extension,12.81 , 10.08 , 24.19 , 4.38 , -15.43 , 0.00
Extension,27.53 , 9.94 , 2.58 , 4.02 , -19.60 , 0.00
Extension,40.32 , 7.46 , 2.61 , 4.33 , -19.41 , 0.00
Extension,21.79 , 4.68 , -25.85 , 3.16 , -18.14 , 0.00
Extension,13.61 , 6.69 , -0.13 , 2.20 , -17.59 , 0.00
Extension,8.49 , 7.79 , 0.32 , 1.53 , -18.13 , 0.00
Extension,4.67 , 9.00 , 0.80 , 1.02 , -18.58 , 0.00
Extension,----------
Extension,1.69 , 9.85 , -0.22 , 0.82 , -19.26 , 0.00
Extension,-0.49 , 10.60 , 0.73 , 0.56 , -19.43 , 0.00
Extension,-1.61 , 10.86 , 0.13 , 0.39 , -20.18 , 0.00
Extension,-2.83 , 11.46 , 0.29 , 0.44 , -20.40 , 0.00
Extension,-3.42 , 12.11 , 0.59 , 0.39 , -20.58 , 0.00
Extension,-3.92 , 12.15 , -0.02 , 0.28 , -20.63 , 0.00
Extension,-4.46 , 12.49 , 1.38 , 0.30 , -20.96 , 0.00
Extension,-4.85 , 12.40 , 0.29 , 0.20 , -20.92 , 0.00
Extension,-5.46 , 12.72 , -0.22 , 0.16 , -21.33 , 0.00
Extension,2.62 , 12.91 , 12.58 , 0.25 , -21.33 , 0.00
Extension,21.39 , 11.07 , 1.88 , -0.08 , -22.97 , 0.00
Extension,26.71 , 10.83 , -5.50 , -1.29 , -25.92 , 0.00
Extension,13.56 , 11.61 , -18.19 , -3.84 , -29.24 , 0.00
Extension,7.07 , 12.90 , 3.38 , -3.11 , -28.51 , 0.00
Extension,2.96 , 13.00 , 1.59 , -2.73 , -26.46 , 0.00
Extension,0.34 , 13.11 , 0.66 , -2.50 , -25.35 , 0.00
Extension,-1.67 , 13.24 , 0.52 , -2.36 , -24.22 , 0.00
Extension,----------
Extension,-3.38 , 13.45 , 0.70 , -2.01 , -23.97 , 0.00
Extension,-4.27 , 13.46 , 0.27 , -1.79 , -23.42 , 0.00
Extension,-4.98 , 13.46 , 0.54 , -1.70 , -23.16 , 0.00
Extension,-6.01 , 13.01 , 0.76 , -1.58 , -22.43 , 0.00
Extension,-5.96 , 13.11 , 0.45 , -1.81 , -22.35 , 0.00
Extension,-6.09 , 13.07 , 0.88 , -1.66 , -22.36 , 0.00
Extension,-6.42 , 13.38 , 0.71 , -1.62 , -22.56 , 0.00
Extension,-6.31 , 13.17 , 0.50 , -1.94 , -22.40 , 0.00
Extension,-5.97 , 13.10 , 0.27 , -2.22 , -22.05 , 0.00
Extension,-7.07 , 13.20 , 1.72 , -2.39 , -21.99 , 0.00
Extension,14.96 , 12.30 , 19.34 , -1.09 , -23.21 , 0.00
Extension,32.11 , 9.59 , 1.70 , -1.35 , -24.09 , 0.00
Extension,38.17 , 10.45 , -1.99 , -2.22 , -22.87 , 0.00
Extension,19.29 , 12.06 , -5.32 , -2.71 , -20.60 , 0.00
Extension,10.16 , 11.95 , 1.15 , -2.60 , -19.52 , 0.00
Extension,4.62 , 10.89 , 0.55 , -3.19 , -17.65 , 0.00
Extension,-0.41 , 11.15 , -1.65 , -2.31 , -18.31 , 0.00
Extension,----------
Extension,-2.10 , 11.14 , 1.83 , -3.34 , -21.09 , 0.00
Extension,-1.38 , 15.32 , 5.01 , -2.61 , -13.78 , 0.00
Extension,2.43 , 21.47 , 5.43 , -0.90 , -7.94 , 0.00
Extension,6.94 , 29.44 , -2.87 , 2.09 , -1.93 , 0.00
Extension,4.68 , 25.81 , -15.29 , 0.37 , -2.42 , 0.00
Extension,2.34 , 22.76 , -2.06 , 0.02 , 0.44 , 0.00
Extension,0.02 , 21.00 , 1.95 , 0.34 , 1.08 , 0.00
Extension,-1.41 , 20.33 , 1.31 , 0.19 , 1.11 , 0.00
Extension,-2.39 , 19.32 , 0.15 , 0.38 , 1.56 , 0.00
Extension,-4.87 , 19.18 , 1.56 , 0.00 , 0.53 , 0.00
Extension,17.76 , 12.53 , -2.61 , 1.19 , 0.87 , 0.00
Extension,35.43 , 8.55 , 4.48 , 1.82 , 0.98 , 0.00
Extension,20.21 , 4.90 , -20.91 , 0.80 , 3.90 , 0.00
Extension,8.37 , 5.87 , 3.42 , -0.18 , 4.28 , 0.00
Extension,0.85 , 7.00 , 1.11 , -0.80 , 4.53 , 0.00
Extension,-4.74 , 7.73 , 0.31 , -0.61 , 4.89 , 0.00
Extension,-8.03 , 8.87 , 1.18 , -0.96 , 4.68 , 0.00
Extension,----------
Extension,-9.83 , 9.59 , 1.23 , -1.44 , 4.35 , 0.00
Extension,-10.93 , 9.35 , 0.61 , -2.38 , 4.16 , 0.00
Extension,-11.61 , 9.59 , -0.06 , -2.48 , 4.59 , 0.00
Extension,-12.26 , 9.71 , -0.18 , -2.31 , 4.78 , 0.00
Extension,-13.48 , 9.83 , 0.28 , -1.72 , 5.12 , 0.00
Extension,-13.84 , 10.20 , 0.88 , -1.82 , 4.77 , 0.00
Extension,-14.08 , 9.88 , 0.61 , -1.82 , 5.18 , 0.00
Extension,-14.45 , 10.02 , -0.15 , -1.80 , 5.06 , 0.00
Extension,-14.81 , 9.90 , 0.29 , -1.57 , 4.90 , 0.00
Extension,-15.01 , 9.86 , 0.08 , -1.24 , 4.84 , 0.00
Extension,6.33 , 9.20 , 19.10 , 0.63 , 3.05 , 0.00
Extension,27.31 , 7.51 , -0.57 , 1.61 , 2.62 , 0.00
Extension,9.04 , 8.49 , -23.89 , -1.99 , -1.70 , 0.00
Extension,0.85 , 8.72 , -3.38 , -1.38 , 1.58 , 0.00
Extension,-3.12 , 9.52 , 1.35 , -1.13 , 1.48 , 0.00
Extension,-5.75 , 9.67 , 1.14 , -0.83 , 2.33 , 0.00
Extension,-7.37 , 10.09 , 0.58 , -0.85 , 2.10 , 0.00
Extension,----------
Extension,-8.78 , 10.15 , 0.56 , -0.64 , 2.17 , 0.00
Extension,-9.55 , 10.62 , 0.33 , -0.88 , 1.76 , 0.00
Extension,-10.25 , 10.81 , 0.27 , -0.82 , 1.90 , 0.00
Extension,-10.53 , 10.92 , 0.19 , -1.01 , 2.07 , 0.00
Extension,-10.88 , 10.97 , -0.61 , -0.98 , 2.14 , 0.00
Extension,-11.05 , 11.34 , -0.12 , -0.96 , 1.82 , 0.00
Extension,-11.16 , 11.92 , 0.44 , -0.90 , 1.35 , 0.00
Extension,-11.50 , 11.87 , 0.15 , -0.70 , 1.75 , 0.00
Extension,-11.61 , 11.63 , 0.38 , -0.64 , 1.85 , 0.00
Extension,-11.71 , 12.00 , 0.80 , -0.46 , 1.79 , 0.00
Extension,7.16 , 12.91 , 24.00 , 0.38 , -1.25 , 0.00
Extension,22.72 , 11.91 , 3.21 , -0.31 , -4.14 , 0.00
Extension,26.04 , 4.92 , -11.04 , -0.36 , -2.52 , 0.00
Extension,7.04 , 8.29 , -14.61 , -2.69 , -0.41 , 0.00
Extension,0.79 , 8.89 , 0.60 , -1.99 , 0.51 , 0.00
Extension,-2.14 , 9.55 , 0.01 , -1.79 , 0.51 , 0.00
Extension,-4.67 , 9.89 , 0.89 , -1.46 , 1.00 , 0.00
Extension,----------
Extension,-6.28 , 10.30 , 0.29 , -1.22 , 1.28 , 0.00
Extension,-7.73 , 10.03 , 0.73 , -1.03 , 1.91 , 0.00
Extension,-8.42 , 10.75 , -0.11 , -0.85 , 1.96 , 0.00
Extension,-9.28 , 10.63 , 0.60 , -0.75 , 1.81 , 0.00
Extension,-9.74 , 10.04 , -0.87 , -0.63 , 2.86 , 0.00
Extension,-10.07 , 10.64 , 0.59 , -0.57 , 2.31 , 0.00
Extension,-10.29 , 10.83 , 0.02 , -0.56 , 1.94 , 0.00
Extension,-10.53 , 10.91 , 0.79 , -0.47 , 2.13 , 0.00
Extension,-10.69 , 10.76 , 0.78 , -0.31 , 2.33 , 0.00
Extension,-12.81 , 11.70 , -0.31 , -0.68 , 2.19 , 0.00
Extension,-0.76 , 12.30 , 29.56 , 0.39 , 0.36 , 0.00
Extension,18.36 , 9.69 , 5.21 , -0.12 , -0.97 , 0.00
Extension,30.97 , 6.61 , 1.35 , 0.36 , -0.83 , 0.00
Extension,30.97 , 7.94 , -6.47 , -0.16 , -1.08 , 0.00
Extension,18.92 , 3.66 , -4.47 , -0.62 , -3.39 , 0.00
Extension,10.61 , 4.12 , 1.87 , -0.75 , -2.49 , 0.00
Extension,5.48 , 5.24 , 1.78 , -0.86 , -1.05 , 0.00
Extension,----------
Extension,2.25 , 6.00 , 0.50 , -0.96 , -0.18 , 0.00
Extension,-0.13 , 7.16 , 0.56 , -1.07 , 0.02 , 0.00
Extension,-1.85 , 7.71 , -0.19 , -1.05 , -0.08 , 0.00
Extension,-2.82 , 7.83 , -0.06 , -1.01 , 0.37 , 0.00
Extension,-3.48 , 8.87 , 0.49 , -0.97 , 0.23 , 0.00
Extension,-4.30 , 8.96 , 0.96 , -0.87 , 0.58 , 0.00
Extension,-4.66 , 8.99 , 0.32 , -0.61 , 0.91 , 0.00
Extension,-5.06 , 9.11 , 0.16 , -0.50 , 0.98 , 0.00
Extension,-5.42 , 9.23 , -0.24 , -0.57 , 0.92 , 0.00
Extension,-4.95 , 9.32 , 6.36 , -0.68 , 0.32 , 0.00
Extension,10.96 , 7.81 , 8.03 , 0.01 , -0.32 , 0.00
Extension,25.85 , 6.91 , -1.93 , 0.28 , -1.93 , 0.00
Extension,40.38 , 4.32 , 1.92 , 1.79 , -1.04 , 0.00
Extension,25.19 , 10.26 , -6.21 , 1.39 , 2.15 , 0.00
Extension,14.47 , 11.76 , -0.55 , 0.97 , 1.54 , 0.00
Extension,10.11 , 12.63 , 2.39 , 0.86 , 1.25 , 0.00
Extension,8.42 , 13.40 , 1.19 , 0.77 , 0.82 , 0.00
Extension,----------
Extension,6.28 , 13.60 , 0.33 , 0.63 , 0.79 , 0.00
Extension,4.42 , 14.00 , 0.28 , 0.81 , 0.34 , 0.00
Extension,2.79 , 14.94 , 0.39 , 0.85 , -0.13 , 0.00
Extension,1.99 , 15.22 , 0.02 , 0.84 , -0.45 , 0.00
Extension,1.16 , 15.24 , 0.39 , 0.79 , -0.27 , 0.00
Extension,-0.04 , 15.35 , 0.82 , 0.80 , -0.14 , 0.00
Extension,-0.55 , 15.26 , 0.35 , 0.77 , 0.01 , 0.00
Extension,-0.68 , 15.45 , -0.12 , 0.66 , -0.28 , 0.00
Extension,-0.81 , 16.14 , 0.58 , 0.77 , -1.14 , 0.00
Extension,-1.00 , 16.12 , 0.43 , 0.82 , -0.99 , 0.00
Extension,-1.17 , 16.19 , 0.92 , 0.88 , -1.13 , 0.00
Extension,-2.68 , 15.71 , 1.04 , 0.49 , -1.75 , 0.00
Extension,23.80 , 9.60 , 0.14 , 1.75 , -1.43 , 0.00
Extension,40.14 , 5.44 , -7.60 , 2.20 , 0.41 , 0.00
Extension,25.90 , 9.05 , 4.45 , 0.66 , 1.15 , 0.00
Extension,18.10 , 10.23 , -1.66 , 0.19 , 1.06 , 0.00
Extension,12.23 , 11.55 , -2.04 , -0.12 , 0.38 , 0.00
Extension,----------
Extension,7.79 , 12.30 , -0.79 , -0.01 , -0.07 , 0.00
Extension,4.66 , 13.83 , 0.79 , 0.00 , -0.68 , 0.00
Extension,2.50 , 14.39 , 0.37 , 0.02 , -1.12 , 0.00
Extension,1.63 , 14.89 , 0.72 , -0.05 , -1.12 , 0.00
Extension,0.49 , 15.12 , 0.71 , 0.02 , -0.62 , 0.00
Extension,-0.05 , 15.31 , 0.45 , -0.02 , -0.51 , 0.00
Extension,-0.99 , 15.62 , 0.41 , -0.05 , -0.54 , 0.00
Extension,-2.06 , 15.89 , -0.56 , 0.04 , -0.74 , 0.00
Extension,-2.51 , 16.10 , 0.42 , 0.19 , -1.16 , 0.00
Extension,0.65 , 16.62 , 8.97 , 0.53 , -1.55 , 0.00
Extension,2.34 , 16.65 , -0.85 , 0.42 , -1.90 , 0.00
Extension,3.16 , 16.35 , -0.26 , 0.14 , -2.46 , 0.00
Extension,11.93 , 12.11 , 14.60 , -0.13 , -2.09 , 0.00
Extension,22.69 , 12.97 , 1.63 , -0.65 , -3.62 , 0.00
Extension,26.12 , 14.44 , -22.69 , -0.87 , -4.64 , 0.00
Extension,15.62 , 15.37 , -5.88 , -0.68 , -3.78 , 0.00
Extension,8.98 , 16.43 , 0.99 , -0.12 , -3.66 , 0.00
----------
Flexion,
Flexion,-0.66 , 4.38 , 0.01 , -0.37 , 0.24 , 0.00
Flexion,-1.13 , 7.20 , 0.40 , -0.50 , 0.55 , 0.00
Flexion,-1.46 , 9.22 , 0.65 , -0.52 , 0.90 , 0.00
Flexion,-1.69 , 11.05 , 0.28 , -0.73 , 0.54 , 0.00
Flexion,-1.85 , 12.13 , 0.69 , -0.59 , 0.71 , 0.00
Flexion,-22.33 , 13.09 , -23.78 , -2.54 , 4.05 , 0.00
Flexion,-34.19 , 10.59 , 2.66 , -2.80 , 4.37 , 0.00
Flexion,-36.61 , 9.15 , 13.95 , -3.04 , 6.75 , 0.00
Flexion,-26.29 , 8.31 , 14.76 , -2.94 , 6.41 , 0.00
Flexion,-11.15 , 7.52 , 1.94 , -2.69 , 4.71 , 0.00
Flexion,-2.19 , 6.85 , -3.12 , -2.77 , 3.73 , 0.00
Flexion,3.36 , 8.52 , -0.48 , -2.49 , 3.46 , 0.00
Flexion,2.94 , 9.12 , -0.46 , -2.07 , 3.30 , 0.00
Flexion,----------
Flexion,3.76 , 9.17 , -2.33 , -1.85 , 2.40 , 0.00
Flexion,3.89 , 10.49 , 1.53 , -1.98 , 1.60 , 0.00
Flexion,5.61 , 11.27 , 4.08 , -1.65 , 0.54 , 0.00
Flexion,4.36 , 11.73 , -0.73 , -2.40 , 0.07 , 0.00
Flexion,3.97 , 12.01 , 0.85 , -2.38 , 0.58 , 0.00
Flexion,4.01 , 12.54 , 0.77 , -2.56 , 0.69 , 0.00
Flexion,3.58 , 12.72 , 0.35 , -2.53 , 0.91 , 0.00
Flexion,3.53 , 12.88 , 0.81 , -2.58 , 0.90 , 0.00
Flexion,3.86 , 12.81 , -0.24 , -2.72 , 1.14 , 0.00
Flexion,0.74 , 13.21 , -3.79 , -2.72 , 1.22 , 0.00
Flexion,-15.43 , 13.36 , -11.02 , -3.71 , 1.49 , 0.00
Flexion,-29.25 , 12.22 , -1.87 , -3.41 , 1.78 , 0.00
Flexion,-29.03 , 13.03 , 16.68 , -3.17 , 2.62 , 0.00
Flexion,-16.74 , 14.42 , 14.79 , -2.82 , 1.39 , 0.00
Flexion,-8.75 , 13.39 , -1.04 , -3.13 , 1.76 , 0.00
Flexion,-1.64 , 12.25 , -1.33 , -3.09 , 1.12 , 0.00
Flexion,3.03 , 12.15 , 0.28 , -3.06 , 1.07 , 0.00
Flexion,----------
Flexion,4.97 , 11.71 , -0.44 , -2.51 , 1.31 , 0.00
Flexion,6.60 , 11.46 , -0.81 , -2.36 , 1.23 , 0.00
Flexion,7.60 , 11.34 , 0.58 , -2.20 , 1.65 , 0.00
Flexion,8.13 , 11.24 , 0.05 , -2.27 , 1.35 , 0.00
Flexion,9.08 , 11.31 , 0.34 , -2.67 , 1.44 , 0.00
Flexion,9.50 , 11.51 , -0.29 , -2.56 , 1.07 , 0.00
Flexion,10.03 , 11.41 , 0.25 , -2.71 , 1.23 , 0.00
Flexion,10.17 , 11.81 , 0.27 , -2.77 , 1.06 , 0.00
Flexion,10.41 , 11.46 , -0.31 , -2.92 , 0.72 , 0.00
Flexion,3.09 , 11.15 , -15.59 , -3.00 , 2.43 , 0.00
Flexion,-13.69 , 11.81 , -3.21 , -3.20 , 2.47 , 0.00
Flexion,-25.11 , 11.45 , -1.16 , -3.56 , 0.34 , 0.00
Flexion,-22.75 , 12.86 , 14.04 , -3.49 , 0.17 , 0.00
Flexion,-11.99 , 13.39 , 10.21 , -3.28 , -0.04 , 0.00
Flexion,-4.36 , 13.35 , 0.68 , -3.24 , -0.51 , 0.00
Flexion,0.42 , 13.04 , 0.16 , -2.95 , 0.21 , 0.00
Flexion,4.40 , 12.34 , 0.62 , -2.85 , -0.01 , 0.00
Flexion,----------
Flexion,6.82 , 12.14 , -0.53 , -3.24 , -0.26 , 0.00
Flexion,8.81 , 11.70 , 0.40 , -2.96 , -0.11 , 0.00
Flexion,9.96 , 11.54 , 0.95 , -2.87 , -0.06 , 0.00
Flexion,10.40 , 11.23 , 0.54 , -2.71 , 0.44 , 0.00
Flexion,11.20 , 10.93 , 0.28 , -2.77 , 0.36 , 0.00
Flexion,12.16 , 11.00 , 0.66 , -2.51 , 0.73 , 0.00
Flexion,12.13 , 10.71 , 0.69 , -2.45 , 1.04 , 0.00
Flexion,12.90 , 11.03 , 0.15 , -2.63 , 1.19 , 0.00
Flexion,12.88 , 11.49 , 0.51 , -2.64 , 0.62 , 0.00
Flexion,-4.09 , 16.50 , -15.71 , -3.25 , 2.58 , 0.00
Flexion,-20.76 , 13.81 , -3.34 , -3.13 , 2.99 , 0.00
Flexion,-30.21 , 12.36 , 7.26 , -3.98 , 3.19 , 0.00
Flexion,-24.74 , 11.97 , 10.89 , -3.46 , 2.24 , 0.00
Flexion,-13.52 , 10.81 , 6.91 , -3.45 , 1.91 , 0.00
Flexion,-4.64 , 10.84 , -0.57 , -3.49 , 0.88 , 0.00
Flexion,1.33 , 10.52 , -0.32 , -3.26 , 0.73 , 0.00
Flexion,5.76 , 10.55 , -0.37 , -2.97 , 0.58 , 0.00
Flexion,----------
Flexion,8.13 , 10.60 , 1.05 , -2.65 , 0.86 , 0.00
Flexion,9.78 , 10.70 , 0.25 , -2.87 , 0.79 , 0.00
Flexion,11.20 , 10.84 , 0.09 , -2.99 , 0.57 , 0.00
Flexion,11.96 , 10.75 , 0.10 , -3.18 , 0.48 , 0.00
Flexion,12.27 , 10.75 , 0.37 , -3.19 , 0.28 , 0.00
Flexion,12.72 , 11.28 , 0.42 , -2.99 , 0.27 , 0.00
Flexion,12.60 , 11.35 , 0.49 , -2.90 , 0.22 , 0.00
Flexion,12.89 , 11.43 , 1.04 , -2.93 , -0.00 , 0.00
Flexion,16.47 , 10.82 , -1.77 , -2.53 , 0.57 , 0.00
Flexion,-2.75 , 10.66 , -14.45 , -3.90 , -1.80 , 0.00
Flexion,-20.15 , 10.90 , 0.56 , -4.20 , -1.17 , 0.00
Flexion,-25.68 , 12.10 , 11.01 , -4.32 , -0.67 , 0.00
Flexion,-18.50 , 10.74 , 10.58 , -3.79 , 0.09 , 0.00
Flexion,-7.87 , 11.41 , 5.17 , -3.37 , -0.52 , 0.00
Flexion,-0.03 , 11.84 , -0.54 , -3.06 , -0.97 , 0.00
Flexion,4.49 , 12.12 , 0.14 , -2.80 , -0.81 , 0.00
Flexion,7.82 , 12.70 , 0.35 , -2.67 , -1.41 , 0.00
Flexion,----------
Flexion,9.28 , 12.83 , 0.65 , -2.20 , -1.43 , 0.00
Flexion,10.79 , 12.17 , 0.24 , -2.44 , -1.17 , 0.00
Flexion,11.76 , 12.26 , 0.87 , -2.33 , -1.07 , 0.00
Flexion,12.26 , 12.38 , 0.72 , -2.41 , -1.38 , 0.00
Flexion,12.67 , 12.62 , 0.47 , -2.42 , -1.38 , 0.00
Flexion,12.81 , 12.33 , -0.01 , -2.28 , -0.62 , 0.00
Flexion,13.04 , 12.53 , 0.34 , -2.12 , -0.87 , 0.00
Flexion,13.02 , 12.13 , 0.46 , -2.05 , -1.07 , 0.00
Flexion,12.96 , 11.89 , -0.22 , -2.08 , -0.68 , 0.00
Flexion,14.78 , 11.55 , -8.71 , -1.88 , -1.07 , 0.00
Flexion,-2.53 , 13.29 , -7.57 , -2.87 , -0.33 , 0.00
Flexion,-18.38 , 13.14 , 2.31 , -3.15 , 0.24 , 0.00
Flexion,-19.67 , 15.71 , 16.61 , -2.89 , -1.01 , 0.00
Flexion,-11.16 , 14.25 , 10.05 , -3.10 , -1.93 , 0.00
Flexion,-2.48 , 13.55 , 1.57 , -3.28 , -2.40 , 0.00
Flexion,3.66 , 12.97 , -0.24 , -3.11 , -1.89 , 0.00
Flexion,8.37 , 12.47 , -0.07 , -2.61 , -1.77 , 0.00
Flexion,----------
Flexion,11.02 , 12.62 , 0.36 , -2.19 , -1.55 , 0.00
Flexion,12.69 , 12.33 , -0.22 , -2.33 , -1.47 , 0.00
Flexion,14.10 , 11.81 , 0.38 , -2.18 , -1.47 , 0.00
Flexion,15.74 , 11.98 , 0.16 , -1.94 , -1.51 , 0.00
Flexion,16.24 , 11.82 , -0.04 , -1.82 , -1.50 , 0.00
Flexion,16.19 , 11.73 , 0.38 , -1.78 , -1.39 , 0.00
Flexion,15.68 , 12.31 , 0.65 , -1.76 , -1.62 , 0.00
Flexion,15.73 , 12.42 , 0.11 , -1.83 , -1.61 , 0.00
Flexion,16.42 , 12.78 , 0.42 , -1.77 , -1.60 , 0.00
Flexion,-0.27 , 11.90 , -18.59 , -2.84 , -1.14 , 0.00
Flexion,-17.80 , 11.63 , -0.15 , -3.22 , -0.12 , 0.00
Flexion,-24.81 , 12.29 , 11.46 , -3.61 , 0.84 , 0.00
Flexion,-16.82 , 11.23 , 14.03 , -3.22 , 1.41 , 0.00
Flexion,-5.91 , 11.11 , -0.16 , -3.51 , -0.26 , 0.00
Flexion,1.02 , 11.13 , 0.31 , -3.12 , -0.14 , 0.00
Flexion,5.78 , 10.81 , -0.62 , -2.79 , -0.18 , 0.00
Flexion,9.55 , 11.44 , 1.17 , -2.19 , -0.60 , 0.00
Flexion,----------
Flexion,11.78 , 11.68 , 0.76 , -2.34 , -1.11 , 0.00
Flexion,13.91 , 11.47 , 0.09 , -2.09 , -1.24 , 0.00
Flexion,15.47 , 11.90 , 0.32 , -2.05 , -1.35 , 0.00
Flexion,16.19 , 11.63 , 0.55 , -1.84 , -1.01 , 0.00
Flexion,16.68 , 11.48 , 0.45 , -1.43 , -0.68 , 0.00
Flexion,16.89 , 11.24 , 0.94 , -1.56 , -0.58 , 0.00
Flexion,17.63 , 11.21 , 0.66 , -1.41 , -0.45 , 0.00
Flexion,18.15 , 11.34 , -0.39 , -1.45 , -0.60 , 0.00
Flexion,17.88 , 11.29 , -0.91 , -1.14 , -0.56 , 0.00
Flexion,-3.38 , 8.78 , -33.03 , -3.01 , 0.79 , 0.00
Flexion,-18.81 , 9.13 , 7.73 , -2.94 , 1.26 , 0.00
Flexion,-24.50 , 8.92 , 7.36 , -3.28 , 1.95 , 0.00
Flexion,-18.27 , 6.87 , 12.24 , -2.61 , 3.05 , 0.00
Flexion,-7.40 , 6.42 , 2.41 , -2.70 , 1.82 , 0.00
Flexion,-0.31 , 7.00 , 0.58 , -2.32 , 1.77 , 0.00
Flexion,3.54 , 8.65 , 1.89 , -2.27 , 0.99 , 0.00
Flexion,6.64 , 9.13 , 0.03 , -2.32 , 0.57 , 0.00
Flexion,----------
Flexion,8.21 , 10.31 , 0.97 , -2.42 , -0.40 , 0.00
Flexion,9.05 , 10.68 , 0.66 , -2.53 , -0.43 , 0.00
Flexion,9.96 , 10.98 , 0.15 , -2.31 , -0.60 , 0.00
Flexion,10.48 , 10.93 , 0.57 , -2.14 , -0.35 , 0.00
Flexion,11.02 , 10.75 , 0.35 , -2.08 , -0.04 , 0.00
Flexion,11.55 , 10.42 , 0.24 , -2.05 , -0.22 , 0.00
Flexion,11.79 , 10.91 , 0.99 , -1.90 , -0.29 , 0.00
Flexion,12.01 , 10.96 , 0.44 , -1.96 , -0.17 , 0.00
Flexion,11.87 , 11.41 , -0.10 , -2.20 , 0.14 , 0.00
Flexion,-6.21 , 8.04 , -20.67 , -4.19 , -0.60 , 0.00
Flexion,-22.24 , 9.35 , 6.45 , -4.15 , 0.10 , 0.00
Flexion,-27.80 , 11.14 , 6.64 , -4.27 , -0.17 , 0.00
Flexion,-16.87 , 10.45 , 21.73 , -3.33 , 0.07 , 0.00
Flexion,-6.95 , 10.31 , 0.03 , -3.21 , -0.48 , 0.00
Flexion,0.17 , 10.33 , -0.45 , -3.32 , -1.13 , 0.00
Flexion,5.40 , 11.00 , 0.52 , -3.21 , -1.56 , 0.00
Flexion,8.40 , 11.00 , 0.12 , -3.01 , -1.10 , 0.00
Flexion,----------
Flexion,10.70 , 11.32 , 0.15 , -3.03 , -1.24 , 0.00
Flexion,12.16 , 11.30 , 0.65 , -2.38 , -0.99 , 0.00
Flexion,13.14 , 11.69 , 0.19 , -2.41 , -1.03 , 0.00
Flexion,13.74 , 11.83 , 0.36 , -2.22 , -0.86 , 0.00
Flexion,14.46 , 11.55 , -0.26 , -2.39 , -0.72 , 0.00
Flexion,14.83 , 11.38 , 0.40 , -2.16 , -0.39 , 0.00
Flexion,14.55 , 11.58 , 0.86 , -1.91 , -0.66 , 0.00
Flexion,14.77 , 11.40 , 0.10 , -2.20 , -0.34 , 0.00
Flexion,14.96 , 11.80 , -0.11 , -1.76 , -0.29 , 0.00
Flexion,-4.36 , 11.70 , -14.92 , -3.39 , 2.23 , 0.00
Flexion,-20.35 , 11.96 , 0.77 , -3.37 , 2.55 , 0.00
Flexion,-25.90 , 13.28 , 6.70 , -3.56 , 2.44 , 0.00
Flexion,-18.31 , 11.39 , 14.80 , -3.21 , 2.53 , 0.00
Flexion,-6.84 , 12.08 , 0.78 , -3.10 , 1.42 , 0.00
Flexion,-0.33 , 12.28 , 0.51 , -2.65 , 1.04 , 0.00
Flexion,4.84 , 12.15 , 0.02 , -2.53 , 0.47 , 0.00
Flexion,8.64 , 12.47 , 0.27 , -2.12 , 0.16 , 0.00
----------
Desviacion radial,
Desviacion radial,-0.72 , 3.89 , 0.00 , 0.21 , -0.06 , 0.00
Desviacion radial,-1.43 , 6.45 , 0.25 , 0.39 , 0.17 , 0.00
Desviacion radial,-1.91 , 8.23 , 0.13 , 0.49 , 0.21 , 0.00
Desviacion radial,-0.30 , 8.43 , -39.61 , 0.09 , -4.13 , 0.00
Desviacion radial,0.69 , 9.61 , -2.20 , -0.03 , -5.13 , 0.00
Desviacion radial,1.37 , 10.84 , 49.04 , 0.67 , -3.10 , 0.00
Desviacion radial,-0.79 , 10.48 , 1.72 , 0.39 , 0.45 , 0.00
Desviacion radial,-1.50 , 11.08 , 0.97 , -0.12 , 0.10 , 0.00
Desviacion radial,-1.93 , 12.16 , 1.04 , -0.52 , -0.01 , 0.00
Desviacion radial,-2.04 , 12.70 , -0.13 , -0.69 , -0.17 , 0.00
Desviacion radial,-2.09 , 12.84 , 0.04 , -0.99 , -0.29 , 0.00
Desviacion radial,-2.20 , 12.84 , 0.95 , -1.25 , -0.40 , 0.00
Desviacion radial,-2.19 , 13.04 , -0.23 , -1.25 , -0.30 , 0.00
Desviacion radial,----------
Desviacion radial,-2.36 , 13.07 , 0.16 , -1.09 , -0.25 , 0.00
Desviacion radial,-2.44 , 13.00 , -0.02 , -0.99 , -0.14 , 0.00
Desviacion radial,-2.70 , 12.95 , 0.09 , -0.93 , 0.12 , 0.00
Desviacion radial,-2.58 , 12.67 , -0.07 , -0.74 , 0.14 , 0.00
Desviacion radial,-2.72 , 12.77 , 0.05 , -0.85 , 0.25 , 0.00
Desviacion radial,-2.76 , 12.87 , -0.69 , -0.80 , 0.16 , 0.00
Desviacion radial,-2.55 , 12.44 , 0.61 , -0.95 , 0.64 , 0.00
Desviacion radial,-2.41 , 12.11 , -0.17 , -1.20 , 0.83 , 0.00
Desviacion radial,-2.39 , 12.06 , -0.09 , -1.13 , 0.99 , 0.00
Desviacion radial,-2.71 , 11.95 , -1.77 , -1.31 , 0.45 , 0.00
Desviacion radial,-3.77 , 7.29 , -36.55 , -1.08 , 2.30 , 0.00
Desviacion radial,-2.88 , 6.59 , -8.09 , -1.11 , -2.00 , 0.00
Desviacion radial,-2.87 , 9.20 , 19.82 , -1.99 , -5.79 , 0.00
Desviacion radial,-2.57 , 13.19 , 34.43 , -1.83 , -4.23 , 0.00
Desviacion radial,-1.78 , 13.70 , -1.64 , -1.86 , -2.73 , 0.00
Desviacion radial,-1.46 , 13.06 , 0.11 , -1.84 , -1.94 , 0.00
Desviacion radial,-1.05 , 13.00 , 0.73 , -1.83 , -1.35 , 0.00
Desviacion radial,----------
Desviacion radial,-0.98 , 12.31 , 0.66 , -1.89 , -0.82 , 0.00
Desviacion radial,-0.16 , 12.69 , 2.71 , -1.91 , -1.16 , 0.00
Desviacion radial,-0.85 , 12.94 , -1.11 , -1.96 , -0.77 , 0.00
Desviacion radial,-0.75 , 12.71 , -0.01 , -1.87 , -0.86 , 0.00
Desviacion radial,-0.24 , 12.85 , 0.03 , -2.05 , -0.87 , 0.00
Desviacion radial,-0.16 , 12.91 , 0.27 , -1.99 , -0.96 , 0.00
Desviacion radial,-0.11 , 12.52 , 0.38 , -2.05 , -1.24 , 0.00
Desviacion radial,0.07 , 12.40 , 0.32 , -2.34 , -1.53 , 0.00
Desviacion radial,0.19 , 12.42 , 0.49 , -2.35 , -1.23 , 0.00
Desviacion radial,0.91 , 11.08 , -14.94 , -2.04 , -2.04 , 0.00
Desviacion radial,4.46 , 12.84 , -16.40 , -1.81 , -5.61 , 0.00
Desviacion radial,5.73 , 12.23 , 0.96 , -1.60 , -7.32 , 0.00
Desviacion radial,3.88 , 8.80 , 1.58 , -2.03 , -8.79 , 0.00
Desviacion radial,6.43 , 12.55 , 42.58 , -2.34 , -7.07 , 0.00
Desviacion radial,6.04 , 13.96 , 6.58 , -2.91 , -5.66 , 0.00
Desviacion radial,4.83 , 16.14 , 2.10 , -3.82 , -5.73 , 0.00
Desviacion radial,4.18 , 16.79 , 0.03 , -4.20 , -4.59 , 0.00
Desviacion radial,----------
Desviacion radial,3.69 , 17.36 , 2.37 , -4.25 , -4.73 , 0.00
Desviacion radial,3.31 , 17.73 , -0.24 , -4.38 , -4.43 , 0.00
Desviacion radial,3.05 , 17.86 , 0.26 , -4.44 , -3.88 , 0.00
Desviacion radial,2.82 , 17.69 , 0.73 , -4.15 , -3.69 , 0.00
Desviacion radial,2.57 , 17.50 , 0.32 , -4.03 , -3.60 , 0.00
Desviacion radial,2.50 , 17.25 , 0.63 , -4.13 , -3.24 , 0.00
Desviacion radial,2.34 , 17.24 , 0.50 , -4.06 , -3.21 , 0.00
Desviacion radial,2.26 , 16.85 , 0.23 , -4.22 , -2.77 , 0.00
Desviacion radial,2.08 , 16.83 , -0.32 , -4.02 , -2.76 , 0.00
Desviacion radial,1.81 , 15.69 , -19.49 , -3.27 , 0.26 , 0.00
Desviacion radial,1.49 , 21.11 , -28.43 , -3.35 , -4.83 , 0.00
Desviacion radial,2.57 , 19.89 , -0.61 , -3.15 , -8.85 , 0.00
Desviacion radial,4.30 , 24.42 , 25.43 , -3.17 , -10.67 , 0.00
Desviacion radial,4.11 , 26.36 , 27.21 , -4.03 , -10.40 , 0.00
Desviacion radial,4.21 , 23.54 , 3.70 , -4.26 , -9.00 , 0.00
Desviacion radial,4.04 , 22.07 , -0.85 , -4.49 , -7.75 , 0.00
Desviacion radial,3.43 , 20.56 , 0.48 , -4.48 , -6.35 , 0.00
Desviacion radial,----------
Desviacion radial,3.01 , 18.54 , -15.10 , -4.66 , -5.31 , 0.00
Desviacion radial,3.45 , 17.48 , -0.31 , -4.91 , -4.70 , 0.00
Desviacion radial,3.75 , 16.37 , -0.16 , -4.75 , -3.96 , 0.00
Desviacion radial,3.93 , 15.48 , 0.24 , -4.76 , -3.43 , 0.00
Desviacion radial,4.23 , 15.03 , 0.43 , -4.67 , -3.26 , 0.00
Desviacion radial,4.22 , 14.66 , 0.47 , -4.38 , -3.13 , 0.00
Desviacion radial,4.13 , 14.17 , 0.73 , -4.53 , -2.84 , 0.00
Desviacion radial,3.93 , 14.34 , -0.36 , -4.26 , -2.82 , 0.00
Desviacion radial,3.91 , 14.22 , 0.50 , -3.99 , -2.47 , 0.00
Desviacion radial,3.30 , 13.05 , -35.96 , -4.34 , -2.43 , 0.00
Desviacion radial,2.12 , 13.44 , -13.00 , -3.78 , -5.84 , 0.00
Desviacion radial,1.83 , 12.67 , 1.84 , -3.20 , -8.05 , 0.00
Desviacion radial,1.00 , 9.35 , 9.44 , -2.85 , -7.40 , 0.00
Desviacion radial,1.78 , 14.63 , 30.80 , -3.76 , -8.66 , 0.00
Desviacion radial,1.06 , 15.29 , 12.94 , -3.57 , -6.00 , 0.00
Desviacion radial,1.60 , 14.17 , 1.78 , -3.77 , -4.51 , 0.00
Desviacion radial,2.54 , 14.55 , 3.08 , -4.30 , -3.85 , 0.00
Desviacion radial,----------
Desviacion radial,3.33 , 15.14 , -0.67 , -4.30 , -3.88 , 0.00
Desviacion radial,3.42 , 15.26 , 1.55 , -4.35 , -3.54 , 0.00
Desviacion radial,3.66 , 15.50 , -0.03 , -4.44 , -2.78 , 0.00
Desviacion radial,3.58 , 15.27 , 0.28 , -4.27 , -2.75 , 0.00
Desviacion radial,3.45 , 15.63 , -0.01 , -4.09 , -2.71 , 0.00
Desviacion radial,3.41 , 15.63 , -0.19 , -4.08 , -2.53 , 0.00
Desviacion radial,3.54 , 15.41 , 0.88 , -4.06 , -2.38 , 0.00
Desviacion radial,3.50 , 15.41 , -0.75 , -3.81 , -2.31 , 0.00
Desviacion radial,3.78 , 14.50 , -8.56 , -3.78 , -3.24 , 0.00
Desviacion radial,3.36 , 15.28 , -32.28 , -3.98 , -5.61 , 0.00
Desviacion radial,3.11 , 18.20 , -1.00 , -3.79 , -9.18 , 0.00
Desviacion radial,3.59 , 19.17 , 15.17 , -3.57 , -11.19 , 0.00
Desviacion radial,10.79 , 22.50 , 41.80 , -2.91 , -9.93 , 0.00
Desviacion radial,10.05 , 22.56 , 8.63 , -3.64 , -9.54 , 0.00
Desviacion radial,8.02 , 21.75 , 0.42 , -3.81 , -8.47 , 0.00
Desviacion radial,6.48 , 20.72 , -0.66 , -4.18 , -7.06 , 0.00
Desviacion radial,4.49 , 20.50 , 0.59 , -4.29 , -5.69 , 0.00
Desviacion radial,----------
Desviacion radial,3.18 , 19.56 , -0.33 , -4.62 , -4.76 , 0.00
Desviacion radial,1.92 , 18.95 , 0.59 , -4.56 , -3.08 , 0.00
Desviacion radial,1.66 , 17.88 , 0.01 , -4.86 , -2.22 , 0.00
Desviacion radial,1.13 , 17.50 , 0.38 , -4.73 , -2.05 , 0.00
Desviacion radial,0.71 , 17.25 , 0.66 , -4.81 , -1.23 , 0.00
Desviacion radial,0.80 , 16.58 , -0.04 , -5.07 , -0.91 , 0.00
Desviacion radial,0.60 , 16.30 , 1.13 , -4.92 , -0.65 , 0.00
Desviacion radial,0.44 , 16.14 , 0.74 , -5.02 , -0.73 , 0.00
Desviacion radial,0.56 , 16.04 , -2.36 , -5.14 , -0.93 , 0.00
Desviacion radial,-0.36 , 12.30 , -44.52 , -2.80 , 6.50 , 0.00
Desviacion radial,0.77 , 13.37 , -0.49 , -3.06 , -0.38 , 0.00
Desviacion radial,4.07 , 13.06 , 15.99 , -2.91 , -2.37 , 0.00
Desviacion radial,6.15 , 16.74 , 34.73 , -3.78 , -4.92 , 0.00
Desviacion radial,3.52 , 17.72 , 3.83 , -4.43 , -4.15 , 0.00
Desviacion radial,2.95 , 18.39 , -1.17 , -4.15 , -3.82 , 0.00
Desviacion radial,2.87 , 18.97 , -0.55 , -4.41 , -3.56 , 0.00
Desviacion radial,2.74 , 18.93 , -1.35 , -4.26 , -2.65 , 0.00
Desviacion radial,----------
Desviacion radial,2.67 , 19.24 , -0.05 , -4.04 , -3.01 , 0.00
Desviacion radial,3.19 , 19.12 , 0.33 , -4.51 , -3.07 , 0.00
Desviacion radial,3.03 , 18.49 , 0.09 , -4.69 , -2.82 , 0.00
Desviacion radial,2.97 , 18.34 , 0.34 , -4.28 , -2.80 , 0.00
Desviacion radial,2.97 , 17.89 , 0.25 , -4.29 , -2.31 , 0.00
Desviacion radial,3.51 , 17.73 , 0.10 , -4.64 , -2.38 , 0.00
Desviacion radial,3.69 , 17.35 , 0.40 , -4.59 , -2.26 , 0.00
Desviacion radial,4.14 , 17.21 , 0.06 , -5.01 , -2.15 , 0.00
Desviacion radial,3.94 , 17.20 , 0.57 , -4.72 , -2.01 , 0.00
Desviacion radial,4.48 , 15.10 , -34.22 , -4.79 , -3.43 , 0.00
Desviacion radial,3.64 , 14.15 , -13.07 , -3.94 , -8.69 , 0.00
Desviacion radial,3.92 , 14.55 , 7.75 , -3.61 , -8.48 , 0.00
Desviacion radial,5.01 , 16.58 , 15.97 , -2.90 , -8.38 , 0.00
Desviacion radial,4.74 , 16.53 , 29.28 , -3.77 , -10.44 , 0.00
Desviacion radial,4.31 , 17.39 , 5.53 , -4.66 , -7.70 , 0.00
Desviacion radial,3.41 , 17.17 , -0.56 , -5.07 , -4.87 , 0.00
Desviacion radial,2.55 , 17.09 , -0.91 , -5.06 , -3.12 , 0.00
Desviacion radial,----------
Desviacion radial,2.24 , 17.02 , 0.38 , -5.07 , -2.15 , 0.00
Desviacion radial,2.07 , 16.67 , 0.06 , -5.00 , -1.13 , 0.00
Desviacion radial,2.06 , 16.29 , 0.37 , -5.15 , -0.16 , 0.00
Desviacion radial,1.87 , 16.27 , 0.11 , -5.25 , 0.42 , 0.00
Desviacion radial,1.62 , 16.14 , 0.02 , -5.22 , 0.56 , 0.00
Desviacion radial,1.47 , 15.63 , 0.55 , -5.16 , 0.78 , 0.00
Desviacion radial,1.35 , 15.84 , -0.16 , -5.03 , 0.84 , 0.00
Desviacion radial,1.28 , 15.90 , 0.46 , -4.90 , 0.69 , 0.00
Desviacion radial,1.27 , 15.80 , 0.33 , -4.74 , 1.00 , 0.00
Desviacion radial,0.20 , 11.11 , -53.81 , -5.26 , 1.77 , 0.00
Desviacion radial,1.22 , 14.18 , -3.16 , -4.85 , 0.07 , 0.00
Desviacion radial,2.47 , 17.74 , 22.63 , -4.35 , -2.35 , 0.00
Desviacion radial,-1.96 , 12.62 , 17.34 , -3.00 , -2.17 , 0.00
Desviacion radial,-2.14 , 13.34 , -0.35 , -4.14 , -0.41 , 0.00
Desviacion radial,-1.71 , 15.24 , -0.10 , -4.24 , -0.38 , 0.00
Desviacion radial,-1.65 , 16.06 , -0.18 , -4.61 , 0.13 , 0.00
Desviacion radial,-1.48 , 16.43 , -0.19 , -4.42 , 0.10 , 0.00
Desviacion radial,----------
Desviacion radial,-1.23 , 16.68 , -0.51 , -4.59 , 0.38 , 0.00
Desviacion radial,-1.37 , 16.70 , -0.07 , -4.33 , 0.62 , 0.00
Desviacion radial,-0.98 , 16.80 , -0.25 , -4.30 , 0.59 , 0.00
Desviacion radial,-0.57 , 16.69 , 0.66 , -4.38 , 0.99 , 0.00
Desviacion radial,-0.64 , 16.41 , 0.36 , -4.35 , 1.27 , 0.00
Desviacion radial,-0.64 , 16.19 , 0.33 , -4.46 , 1.49 , 0.00
Desviacion radial,-0.92 , 16.07 , 0.09 , -4.48 , 1.92 , 0.00
Desviacion radial,-0.62 , 16.11 , 0.86 , -4.59 , 1.86 , 0.00
Desviacion radial,-0.82 , 16.29 , 0.72 , -4.78 , 2.31 , 0.00
Desviacion radial,-1.70 , 15.69 , -9.69 , -4.70 , -0.62 , 0.00
Desviacion radial,-1.30 , 16.49 , -30.83 , -2.34 , 2.33 , 0.00
Desviacion radial,1.08 , 16.63 , 17.89 , -1.77 , 0.19 , 0.00
Desviacion radial,-2.16 , 16.08 , 26.34 , -2.70 , -2.67 , 0.00
Desviacion radial,-1.46 , 15.74 , 2.67 , -3.63 , -1.53 , 0.00
Desviacion radial,-1.00 , 15.81 , -1.43 , -3.85 , -0.81 , 0.00
Desviacion radial,-1.07 , 15.34 , -0.40 , -4.12 , 0.30 , 0.00
Desviacion radial,-1.06 , 15.32 , -0.39 , -4.09 , 0.56 , 0.00
----------
Desviacion cubital,
Desviacion cubital,-0.65 , 4.13 , 0.01 , 0.20 , 0.21 , 0.00
Desviacion cubital,1.95 , 14.04 , 10.03 , 0.67 , -4.06 , 0.00
Desviacion cubital,0.59 , 15.30 , -4.70 , 0.24 , -3.24 , 0.00
Desviacion cubital,1.48 , 13.19 , -10.95 , -0.42 , -2.54 , 0.00
Desviacion cubital,3.54 , 13.11 , -3.44 , -0.61 , -2.07 , 0.00
Desviacion cubital,4.41 , 11.67 , 0.06 , -0.24 , -1.06 , 0.00
Desviacion cubital,5.08 , 10.83 , 0.64 , -0.01 , -1.03 , 0.00
Desviacion cubital,5.90 , 10.25 , 0.12 , 0.16 , -0.57 , 0.00
Desviacion cubital,6.53 , 10.06 , 1.08 , 0.16 , -0.75 , 0.00
Desviacion cubital,6.68 , 9.50 , 0.36 , 0.52 , -0.21 , 0.00
Desviacion cubital,6.51 , 9.50 , 0.84 , 0.91 , 0.11 , 0.00
Desviacion cubital,6.30 , 9.76 , 0.78 , 0.84 , -0.33 , 0.00
Desviacion cubital,6.28 , 9.51 , 0.77 , 0.99 , -0.30 , 0.00
Desviacion cubital,----------
Desviacion cubital,6.54 , 9.32 , 0.43 , 1.06 , -0.16 , 0.00
Desviacion cubital,6.36 , 9.20 , 0.63 , 0.87 , -0.25 , 0.00
Desviacion cubital,6.33 , 9.22 , 0.50 , 0.82 , -0.33 , 0.00
Desviacion cubital,6.61 , 9.49 , -0.06 , 0.75 , -0.37 , 0.00
Desviacion cubital,6.67 , 9.13 , 0.08 , 0.89 , -0.21 , 0.00
Desviacion cubital,6.81 , 9.05 , 0.39 , 1.02 , -0.21 , 0.00
Desviacion cubital,6.60 , 9.27 , 0.12 , 0.90 , -0.23 , 0.00
Desviacion cubital,6.36 , 8.99 , 0.77 , 1.18 , 0.28 , 0.00
Desviacion cubital,6.37 , 9.23 , 0.22 , 1.19 , 0.24 , 0.00
Desviacion cubital,6.30 , 9.15 , -0.42 , 1.21 , -0.15 , 0.00
Desviacion cubital,5.20 , 20.19 , 51.38 , 0.71 , -1.14 , 0.00
Desviacion cubital,3.37 , 19.11 , 5.86 , 0.20 , 0.22 , 0.00
Desviacion cubital,5.61 , 14.36 , -37.14 , -0.26 , -0.22 , 0.00
Desviacion cubital,6.28 , 10.83 , -36.53 , -0.30 , 1.99 , 0.00
Desviacion cubital,7.39 , 9.90 , -2.17 , -0.03 , 0.72 , 0.00
Desviacion cubital,8.10 , 8.33 , 0.70 , 0.35 , 0.24 , 0.00
Desviacion cubital,7.45 , 8.22 , 3.02 , 0.45 , -0.45 , 0.00
Desviacion cubital,----------
Desviacion cubital,6.53 , 10.18 , 2.96 , 0.27 , -1.44 , 0.00
Desviacion cubital,5.91 , 10.64 , 2.16 , 0.31 , -1.30 , 0.00
Desviacion cubital,5.49 , 10.44 , 2.34 , 0.27 , -0.47 , 0.00
Desviacion cubital,5.16 , 10.16 , 1.29 , 0.01 , -0.08 , 0.00
Desviacion cubital,4.86 , 11.25 , 1.00 , -0.19 , 0.06 , 0.00
Desviacion cubital,4.11 , 11.57 , 0.13 , -0.16 , 0.47 , 0.00
Desviacion cubital,3.63 , 11.25 , 0.73 , -0.06 , 0.60 , 0.00
Desviacion cubital,3.70 , 11.27 , 0.61 , -0.02 , 0.98 , 0.00
Desviacion cubital,3.91 , 11.27 , 0.29 , -0.13 , 0.82 , 0.00
Desviacion cubital,3.91 , 11.61 , 0.43 , -0.06 , 0.39 , 0.00
Desviacion cubital,3.71 , 12.05 , 1.74 , -0.08 , 0.51 , 0.00
Desviacion cubital,3.46 , 12.65 , 7.29 , -0.12 , 1.82 , 0.00
Desviacion cubital,1.82 , 12.83 , 7.92 , -0.06 , 2.10 , 0.00
Desviacion cubital,0.27 , 11.85 , -15.39 , -0.15 , 2.25 , 0.00
Desviacion cubital,1.57 , 11.28 , -20.55 , -0.11 , 4.20 , 0.00
Desviacion cubital,2.77 , 11.94 , 1.34 , -0.16 , 1.79 , 0.00
Desviacion cubital,3.23 , 11.28 , 1.03 , -0.18 , 1.02 , 0.00
Desviacion cubital,----------
Desviacion cubital,3.74 , 11.23 , 0.27 , -0.38 , 0.13 , 0.00
Desviacion cubital,4.15 , 11.19 , 0.78 , -0.39 , -0.12 , 0.00
Desviacion cubital,4.36 , 11.29 , 0.57 , -0.51 , 0.01 , 0.00
Desviacion cubital,4.58 , 11.17 , -0.43 , -0.34 , -0.59 , 0.00
Desviacion cubital,4.48 , 11.19 , 1.01 , -0.24 , -0.70 , 0.00
Desviacion cubital,4.46 , 11.04 , 0.12 , -0.29 , -0.52 , 0.00
Desviacion cubital,5.00 , 11.16 , 0.25 , -0.60 , -0.56 , 0.00
Desviacion cubital,4.97 , 11.45 , 0.67 , -0.88 , -1.00 , 0.00
Desviacion cubital,5.15 , 11.26 , 0.60 , -0.98 , -0.93 , 0.00
Desviacion cubital,5.15 , 11.63 , -0.55 , -0.79 , -0.99 , 0.00
Desviacion cubital,4.83 , 13.90 , 26.52 , -0.56 , 0.79 , 0.00
Desviacion cubital,3.47 , 15.03 , 12.30 , -0.10 , 1.56 , 0.00
Desviacion cubital,1.46 , 15.15 , -3.22 , -0.60 , 1.87 , 0.00
Desviacion cubital,4.67 , 11.69 , -48.03 , -1.04 , 7.08 , 0.00
Desviacion cubital,4.12 , 10.38 , -6.37 , -1.49 , 3.46 , 0.00
Desviacion cubital,4.20 , 9.62 , 1.54 , -1.23 , 2.87 , 0.00
Desviacion cubital,4.56 , 9.84 , 0.72 , -1.23 , 1.29 , 0.00
Desviacion cubital,----------
Desviacion cubital,4.57 , 9.94 , 0.85 , -1.01 , 0.50 , 0.00
Desviacion cubital,5.18 , 10.67 , 7.10 , -1.03 , -0.13 , 0.00
Desviacion cubital,5.30 , 10.85 , 0.44 , -0.81 , -0.58 , 0.00
Desviacion cubital,5.40 , 11.17 , 0.23 , -0.87 , -0.75 , 0.00
Desviacion cubital,5.12 , 11.50 , -0.24 , -0.88 , -1.13 , 0.00
Desviacion cubital,5.06 , 11.72 , 0.63 , -0.76 , -0.91 , 0.00
Desviacion cubital,5.26 , 11.77 , -0.15 , -0.65 , -0.78 , 0.00
Desviacion cubital,5.42 , 11.69 , 0.77 , -0.47 , -1.00 , 0.00
Desviacion cubital,5.78 , 11.74 , 0.17 , -0.28 , -0.55 , 0.00
Desviacion cubital,9.28 , 17.27 , 54.50 , -0.57 , -3.08 , 0.00
Desviacion cubital,5.95 , 17.51 , 1.26 , -0.54 , -0.82 , 0.00
Desviacion cubital,3.01 , 16.53 , -34.59 , -0.41 , 3.63 , 0.00
Desviacion cubital,4.36 , 20.50 , 1.58 , -0.89 , 0.34 , 0.00
Desviacion cubital,4.62 , 18.60 , -1.37 , -1.19 , -2.08 , 0.00
Desviacion cubital,4.79 , 16.87 , 2.55 , -1.42 , -2.24 , 0.00
Desviacion cubital,5.07 , 15.82 , -1.06 , -1.24 , -2.55 , 0.00
Desviacion cubital,5.53 , 15.09 , 0.73 , -1.21 , -2.59 , 0.00
Desviacion cubital,----------
Desviacion cubital,6.01 , 14.22 , 0.67 , -1.07 , -2.30 , 0.00
Desviacion cubital,6.21 , 13.87 , 0.99 , -0.95 , -2.29 , 0.00
Desviacion cubital,6.40 , 13.50 , 0.24 , -0.88 , -1.78 , 0.00
Desviacion cubital,6.49 , 13.43 , 0.28 , -0.94 , -1.84 , 0.00
Desviacion cubital,7.01 , 12.70 , 0.55 , -0.71 , -1.53 , 0.00
Desviacion cubital,7.00 , 12.40 , -0.09 , -0.61 , -1.44 , 0.00
Desviacion cubital,6.74 , 12.60 , 0.66 , -0.49 , -1.40 , 0.00
Desviacion cubital,6.73 , 12.57 , 0.12 , -0.62 , -1.74 , 0.00
Desviacion cubital,7.18 , 12.86 , 0.23 , -0.63 , -1.38 , 0.00
Desviacion cubital,6.72 , 13.60 , 21.94 , -0.44 , 0.92 , 0.00
Desviacion cubital,4.46 , 14.63 , 9.00 , -0.62 , 1.51 , 0.00
Desviacion cubital,2.53 , 14.46 , -6.90 , -0.78 , 2.71 , 0.00
Desviacion cubital,1.68 , 13.25 , -41.04 , -0.57 , 5.15 , 0.00
Desviacion cubital,2.34 , 13.34 , 3.01 , -0.97 , 3.27 , 0.00
Desviacion cubital,3.29 , 12.11 , 2.22 , -1.16 , 2.05 , 0.00
Desviacion cubital,3.54 , 11.61 , -0.31 , -1.22 , 1.99 , 0.00
Desviacion cubital,3.86 , 11.39 , 0.67 , -1.28 , 1.26 , 0.00
Desviacion cubital,----------
Desviacion cubital,3.84 , 11.37 , 0.41 , -1.25 , 0.67 , 0.00
Desviacion cubital,3.75 , 11.08 , 0.71 , -1.12 , 0.37 , 0.00
Desviacion cubital,4.04 , 10.98 , 0.76 , -1.05 , 0.82 , 0.00
Desviacion cubital,3.81 , 10.69 , 0.72 , -0.78 , 0.70 , 0.00
Desviacion cubital,3.88 , 10.69 , 0.33 , -0.73 , 0.79 , 0.00
Desviacion cubital,3.89 , 10.81 , 0.56 , -0.39 , 0.94 , 0.00
Desviacion cubital,3.76 , 10.45 , 0.45 , -0.09 , 0.97 , 0.00
Desviacion cubital,3.76 , 10.53 , -0.55 , -0.25 , 0.62 , 0.00
Desviacion cubital,3.70 , 10.77 , 1.33 , -0.29 , 0.85 , 0.00
Desviacion cubital,3.82 , 18.34 , 54.24 , -0.63 , -1.44 , 0.00
Desviacion cubital,2.73 , 17.10 , 2.01 , -0.82 , 0.83 , 0.00
Desviacion cubital,2.27 , 9.60 , -53.81 , -2.04 , 2.50 , 0.00
Desviacion cubital,4.80 , 11.06 , 7.92 , -2.52 , 1.32 , 0.00
Desviacion cubital,4.95 , 11.65 , 3.56 , -2.46 , 0.84 , 0.00
Desviacion cubital,4.80 , 11.26 , 1.79 , -1.83 , 1.32 , 0.00
Desviacion cubital,4.37 , 12.73 , 0.20 , -1.07 , 0.13 , 0.00
Desviacion cubital,3.95 , 12.53 , 1.97 , -0.26 , 0.62 , 0.00
Desviacion cubital,----------
Desviacion cubital,3.33 , 12.24 , 1.11 , 0.39 , 1.29 , 0.00
Desviacion cubital,3.20 , 11.54 , 0.27 , 0.77 , 1.54 , 0.00
Desviacion cubital,3.04 , 11.48 , 0.53 , 1.32 , 1.74 , 0.00
Desviacion cubital,3.01 , 11.65 , 0.35 , 1.32 , 1.54 , 0.00
Desviacion cubital,2.87 , 11.70 , 0.36 , 1.41 , 1.42 , 0.00
Desviacion cubital,3.05 , 12.10 , -0.19 , 1.27 , 1.48 , 0.00
Desviacion cubital,3.61 , 11.86 , 0.14 , 1.26 , 1.85 , 0.00
Desviacion cubital,3.50 , 11.62 , 0.49 , 1.35 , 1.84 , 0.00
Desviacion cubital,3.66 , 12.31 , 0.61 , 1.31 , 1.51 , 0.00
Desviacion cubital,6.57 , 12.17 , 25.03 , 0.32 , -1.65 , 0.00
Desviacion cubital,4.94 , 12.28 , -5.22 , 0.23 , -0.47 , 0.00
Desviacion cubital,2.55 , 15.02 , -15.14 , 0.84 , 2.20 , 0.00
Desviacion cubital,1.90 , 14.77 , -0.13 , 1.26 , 1.07 , 0.00
Desviacion cubital,3.44 , 13.82 , -3.17 , 1.58 , 1.05 , 0.00
Desviacion cubital,4.83 , 12.73 , 0.49 , 1.79 , 1.42 , 0.00
Desviacion cubital,6.21 , 11.41 , -1.88 , 1.39 , 1.39 , 0.00
Desviacion cubital,6.79 , 11.44 , 1.09 , 1.11 , 1.45 , 0.00
Desviacion cubital,----------
Desviacion cubital,7.55 , 11.29 , 0.90 , 0.87 , 1.17 , 0.00
Desviacion cubital,7.88 , 11.26 , 0.57 , 0.75 , 1.21 , 0.00
Desviacion cubital,8.40 , 11.30 , 0.09 , 0.67 , 1.02 , 0.00
Desviacion cubital,8.85 , 11.39 , 0.88 , 0.52 , 0.91 , 0.00
Desviacion cubital,8.85 , 11.39 , 0.62 , 0.31 , 1.02 , 0.00
Desviacion cubital,8.72 , 11.68 , 0.34 , 0.29 , 0.97 , 0.00
Desviacion cubital,8.77 , 11.46 , 0.11 , 0.22 , 0.60 , 0.00
Desviacion cubital,8.53 , 11.56 , 0.15 , 0.49 , 0.73 , 0.00
Desviacion cubital,8.37 , 11.21 , -0.28 , 0.49 , 1.28 , 0.00
Desviacion cubital,12.58 , 12.98 , 54.36 , -0.28 , -4.16 , 0.00
Desviacion cubital,8.16 , 13.28 , 3.57 , 0.23 , -0.03 , 0.00
Desviacion cubital,6.93 , 10.52 , -29.59 , 0.17 , -0.88 , 0.00
Desviacion cubital,9.11 , 11.70 , -34.85 , 0.28 , 0.29 , 0.00
Desviacion cubital,9.37 , 11.27 , -2.14 , 0.41 , -0.28 , 0.00
Desviacion cubital,9.58 , 11.18 , 5.26 , 0.44 , -0.80 , 0.00
Desviacion cubital,9.63 , 11.07 , 0.24 , 0.45 , 0.15 , 0.00
Desviacion cubital,9.56 , 11.51 , 3.26 , 0.48 , 0.44 , 0.00
Desviacion cubital,----------
Desviacion cubital,8.28 , 11.20 , 0.90 , 0.45 , 0.61 , 0.00
Desviacion cubital,7.04 , 11.38 , 1.90 , 0.55 , 0.65 , 0.00
Desviacion cubital,5.29 , 11.38 , 1.07 , 0.77 , 0.64 , 0.00
Desviacion cubital,4.66 , 10.84 , 0.63 , 0.87 , 1.34 , 0.00
Desviacion cubital,3.89 , 11.46 , -0.16 , 0.84 , 1.33 , 0.00
Desviacion cubital,3.34 , 11.56 , 0.25 , 0.83 , 1.17 , 0.00
Desviacion cubital,3.15 , 11.32 , 0.58 , 0.96 , 1.15 , 0.00
Desviacion cubital,3.08 , 11.29 , 0.38 , 1.13 , 1.24 , 0.00
Desviacion cubital,2.97 , 11.15 , 0.11 , 1.15 , 1.08 , 0.00
Desviacion cubital,2.64 , 11.08 , 0.23 , 1.47 , 1.49 , 0.00
Desviacion cubital,2.87 , 10.73 , -0.06 , 1.39 , 1.73 , 0.00
Desviacion cubital,2.96 , 10.48 , 0.34 , 1.43 , 1.86 , 0.00
Desviacion cubital,2.79 , 10.53 , -1.01 , 1.30 , 1.71 , 0.00
Desviacion cubital,2.92 , 11.01 , 0.59 , 1.23 , 1.35 , 0.00
Desviacion cubital,2.84 , 10.90 , 0.64 , 1.16 , 1.75 , 0.00
Desviacion cubital,2.64 , 10.64 , 0.52 , 1.14 , 1.36 , 0.00
Desviacion cubital,-0.27 , 16.09 , 22.19 , 0.34 , -3.36 , 0.00
----------
Circunduccion,
Circunduccion,0.97 , 2.64 , 0.01 , -1.31 , -1.00 , 0.00
Circunduccion,1.35 , 4.46 , 0.47 , -1.99 , -2.02 , 0.00
Circunduccion,1.93 , 5.46 , 0.40 , -2.51 , -2.51 , 0.00
Circunduccion,2.26 , 6.58 , 0.71 , -3.01 , -2.96 , 0.00
Circunduccion,2.56 , 6.81 , 0.21 , -3.17 , -2.92 , 0.00
Circunduccion,2.17 , 7.05 , 0.09 , -3.36 , -2.75 , 0.00
Circunduccion,0.13 , 7.96 , 2.21 , -3.79 , -3.47 , 0.00
Circunduccion,5.89 , -5.87 , 23.09 , -5.88 , -2.41 , 0.00
Circunduccion,-8.01 , -9.50 , -54.06 , -4.49 , 1.78 , 0.00
Circunduccion,-11.26 , -4.40 , 23.13 , -4.91 , -3.30 , 0.00
Circunduccion,-0.52 , -3.09 , 9.94 , -4.91 , -3.73 , 0.00
Circunduccion,2.99 , 1.19 , 0.61 , -5.28 , -3.62 , 0.00
Circunduccion,5.86 , 4.30 , 0.67 , -5.44 , -4.33 , 0.00
Circunduccion,7.93 , 6.21 , 0.85 , -5.83 , -5.10 , 0.00
Circunduccion,9.04 , 7.10 , 0.38 , -5.96 , -5.55 , 0.00
Circunduccion,9.81 , 8.03 , 0.63 , -5.73 , -5.83 , 0.00
Circunduccion,10.10 , 8.40 , 0.29 , -6.07 , -6.19 , 0.00
Circunduccion,----------
Circunduccion,10.24 , 8.34 , 0.52 , -6.12 , -6.12 , 0.00
Circunduccion,10.18 , 8.40 , 0.14 , -6.13 , -6.39 , 0.00
Circunduccion,10.28 , 9.03 , 1.11 , -6.07 , -6.45 , 0.00
Circunduccion,10.46 , 8.64 , 0.56 , -6.18 , -5.99 , 0.00
Circunduccion,10.33 , 8.36 , 0.24 , -6.35 , -5.93 , 0.00
Circunduccion,9.51 , 8.48 , 0.31 , -6.40 , -5.85 , 0.00
Circunduccion,9.24 , 8.52 , 0.39 , -6.39 , -5.49 , 0.00
Circunduccion,9.28 , 8.41 , 0.18 , -6.51 , -5.38 , 0.00
Circunduccion,9.00 , 8.10 , 0.39 , -6.34 , -5.19 , 0.00
Circunduccion,7.83 , 7.57 , -2.26 , -6.48 , -5.92 , 0.00
Circunduccion,20.74 , 10.03 , 35.05 , -6.83 , -7.54 , 0.00
Circunduccion,19.85 , 7.64 , 6.43 , -6.56 , -4.69 , 0.00
Circunduccion,3.03 , 9.36 , -20.47 , -7.04 , -1.97 , 0.00
Circunduccion,-9.04 , 8.02 , -48.98 , -7.32 , -1.58 , 0.00
Circunduccion,-5.10 , 6.92 , -1.86 , -7.94 , -3.93 , 0.00
Circunduccion,12.42 , 12.90 , 36.65 , -7.63 , -7.23 , 0.00
Circunduccion,3.97 , 20.91 , 3.63 , -18.36 , -16.85 , 0.00
Circunduccion,6.27 , 16.96 , -9.55 , -15.08 , -14.03 , 0.00
Circunduccion,8.03 , 14.72 , -1.15 , -13.22 , -11.36 , 0.00
Circunduccion,9.73 , 12.67 , -3.54 , -11.72 , -10.18 , 0.00
Circunduccion,9.69 , 11.66 , -1.08 , -10.91 , -9.15 , 0.00
Circunduccion,----------
Circunduccion,10.52 , 11.14 , -12.25 , -9.96 , -9.21 , 0.00
Circunduccion,9.40 , 9.32 , -0.69 , -9.40 , -8.16 , 0.00
Circunduccion,9.07 , 8.72 , -0.07 , -8.88 , -7.44 , 0.00
Circunduccion,9.25 , 8.38 , 0.55 , -8.41 , -7.27 , 0.00
Circunduccion,8.93 , 8.41 , 0.35 , -8.20 , -7.27 , 0.00
Circunduccion,8.36 , 8.68 , 0.67 , -8.08 , -7.19 , 0.00
Circunduccion,7.98 , 8.04 , 0.27 , -8.39 , -6.94 , 0.00
Circunduccion,8.00 , 8.75 , 0.65 , -8.34 , -7.56 , 0.00
Circunduccion,7.98 , 8.31 , 0.64 , -8.30 , -7.23 , 0.00
Circunduccion,18.56 , 9.73 , 47.11 , -7.62 , -6.01 , 0.00
Circunduccion,10.96 , 13.10 , -7.96 , -8.17 , -6.78 , 0.00
Circunduccion,-6.47 , 13.77 , -54.06 , -8.64 , -3.30 , 0.00
Circunduccion,-13.43 , 10.40 , -26.52 , -8.67 , -2.36 , 0.00
Circunduccion,-6.56 , 8.38 , -0.99 , -9.96 , -4.71 , 0.00
Circunduccion,10.23 , 11.37 , 13.42 , -9.19 , -6.90 , 0.00
Circunduccion,28.78 , 9.46 , 20.42 , -6.31 , -6.09 , 0.00
Circunduccion,24.03 , 12.45 , -6.96 , -8.33 , -7.74 , 0.00
Circunduccion,18.88 , 13.27 , 2.20 , -8.39 , -7.71 , 0.00
Circunduccion,15.94 , 13.85 , 1.75 , -9.14 , -8.27 , 0.00
Circunduccion,13.35 , 10.83 , 2.55 , -9.51 , -4.61 , 0.00
Circunduccion,10.03 , 12.26 , 4.79 , -7.73 , -5.93 , 0.00
Circunduccion,----------
Circunduccion,7.13 , 10.94 , -0.77 , -6.54 , -4.92 , 0.00
Circunduccion,5.32 , 9.57 , 0.21 , -5.45 , -3.67 , 0.00
Circunduccion,4.35 , 8.44 , 1.45 , -4.87 , -3.00 , 0.00
Circunduccion,3.77 , 7.86 , 0.02 , -4.49 , -2.36 , 0.00
Circunduccion,3.33 , 8.13 , 0.01 , -4.24 , -1.94 , 0.00
Circunduccion,3.10 , 7.92 , 0.15 , -4.20 , -1.68 , 0.00
Circunduccion,1.87 , 7.79 , 0.80 , -4.13 , -1.28 , 0.00
Circunduccion,1.37 , 7.40 , -2.93 , -4.10 , -1.44 , 0.00
Circunduccion,0.39 , 7.00 , 0.20 , -4.26 , -1.50 , 0.00
Circunduccion,3.95 , 7.93 , -10.03 , -3.89 , -2.89 , 0.00
Circunduccion,20.67 , 8.30 , 44.88 , -2.76 , -2.88 , 0.00
Circunduccion,15.01 , 9.81 , -2.82 , -3.36 , -1.99 , 0.00
Circunduccion,-1.80 , 13.97 , -53.81 , -4.56 , 5.45 , 0.00
Circunduccion,-7.16 , 7.89 , -14.50 , -4.39 , 2.30 , 0.00
Circunduccion,2.07 , 8.89 , 2.37 , -4.21 , -1.00 , 0.00
Circunduccion,13.00 , 10.36 , 40.97 , -5.17 , -2.77 , 0.00
Circunduccion,8.09 , 10.49 , -4.69 , -5.46 , -3.82 , 0.00
Circunduccion,7.50 , 11.47 , -0.31 , -4.87 , -4.33 , 0.00
Circunduccion,6.88 , 12.80 , -1.17 , -4.80 , -5.99 , 0.00
Circunduccion,6.32 , 13.16 , 1.48 , -4.67 , -5.99 , 0.00
Circunduccion,5.96 , 13.44 , -0.22 , -4.53 , -5.92 , 0.00
Circunduccion,5.45 , 13.04 , 0.45 , -4.45 , -5.03 , 0.00
Circunduccion,----------
Circunduccion,5.27 , 13.33 , -0.30 , -4.30 , -5.26 , 0.00
Circunduccion,4.49 , 12.93 , 0.70 , -4.29 , -4.80 , 0.00
Circunduccion,5.56 , 12.16 , -1.23 , -4.16 , -4.14 , 0.00
Circunduccion,5.07 , 11.79 , 0.31 , -3.63 , -4.41 , 0.00
Circunduccion,5.29 , 11.65 , -0.46 , -3.81 , -4.50 , 0.00
Circunduccion,5.29 , 11.53 , 0.55 , -3.85 , -3.85 , 0.00
Circunduccion,5.00 , 11.45 , -0.03 , -3.87 , -3.92 , 0.00
Circunduccion,5.12 , 11.73 , 0.25 , -3.85 , -3.63 , 0.00
Circunduccion,4.91 , 10.96 , -0.67 , -3.85 , -3.63 , 0.00
Circunduccion,17.20 , 14.19 , 40.85 , -3.72 , -5.22 , 0.00
Circunduccion,13.19 , 16.74 , -5.30 , -5.13 , -7.36 , 0.00
Circunduccion,-4.32 , 21.06 , -54.06 , -7.55 , -4.76 , 0.00
Circunduccion,-10.85 , 18.44 , -18.88 , -6.04 , -4.48 , 0.00
Circunduccion,-1.90 , 17.46 , 2.27 , -6.49 , -7.48 , 0.00
Circunduccion,11.49 , 19.26 , 26.46 , -6.52 , -10.91 , 0.00
Circunduccion,17.79 , 15.08 , -0.34 , -5.44 , -7.07 , 0.00
Circunduccion,14.24 , 13.47 , -2.23 , -5.45 , -6.08 , 0.00
Circunduccion,12.90 , 12.45 , -12.02 , -5.23 , -6.63 , 0.00
Circunduccion,10.96 , 11.37 , -0.30 , -4.91 , -6.33 , 0.00
Circunduccion,9.37 , 11.62 , -0.34 , -4.83 , -6.06 , 0.00
Circunduccion,7.78 , 11.30 , -1.64 , -4.49 , -5.30 , 0.00
Circunduccion,----------
Circunduccion,6.51 , 10.59 , -0.34 , -4.29 , -5.16 , 0.00
Circunduccion,6.13 , 11.11 , 0.04 , -3.96 , -5.39 , 0.00
Circunduccion,6.28 , 11.48 , 0.06 , -3.80 , -5.59 , 0.00
Circunduccion,6.64 , 11.58 , 0.30 , -3.96 , -5.61 , 0.00
Circunduccion,6.46 , 11.50 , 0.38 , -4.14 , -5.60 , 0.00
Circunduccion,5.86 , 11.33 , 0.32 , -4.02 , -5.35 , 0.00
Circunduccion,5.83 , 11.45 , -2.50 , -3.57 , -5.30 , 0.00
Circunduccion,5.97 , 11.17 , -3.29 , -3.50 , -5.39 , 0.00
Circunduccion,4.89 , 10.74 , 0.32 , -3.67 , -5.52 , 0.00
Circunduccion,14.41 , 13.53 , 19.83 , -6.55 , -9.85 , 0.00
Circunduccion,2.91 , 11.98 , -40.61 , -6.55 , -9.96 , 0.00
Circunduccion,-4.94 , 7.97 , -23.67 , -5.73 , -3.32 , 0.00
Circunduccion,-4.53 , 2.73 , -5.00 , -6.84 , -6.62 , 0.00
Circunduccion,6.02 , 4.36 , 13.40 , -7.05 , -6.74 , 0.00
Circunduccion,20.84 , 6.75 , 26.13 , -5.18 , -5.49 , 0.00
Circunduccion,15.06 , 8.23 , -7.61 , -5.57 , -1.52 , 0.00
Circunduccion,11.31 , 8.55 , -0.28 , -5.28 , -2.93 , 0.00
Circunduccion,9.96 , 8.93 , 0.30 , -5.11 , -3.71 , 0.00
Circunduccion,8.15 , 9.37 , 0.68 , -4.80 , -4.58 , 0.00
Circunduccion,7.20 , 9.85 , 0.04 , -4.50 , -5.19 , 0.00
Circunduccion,5.83 , 9.62 , 0.57 , -4.25 , -5.12 , 0.00
Circunduccion,----------
Circunduccion,4.81 , 9.89 , 0.31 , -4.08 , -5.03 , 0.00
Circunduccion,5.10 , 9.35 , 0.51 , -3.81 , -4.83 , 0.00
Circunduccion,4.92 , 9.05 , 0.48 , -3.76 , -4.78 , 0.00
Circunduccion,4.46 , 8.84 , -0.09 , -3.75 , -4.88 , 0.00
Circunduccion,4.34 , 8.96 , -0.04 , -3.94 , -5.11 , 0.00
Circunduccion,4.07 , 8.56 , 0.73 , -3.79 , -4.75 , 0.00
Circunduccion,4.12 , 8.10 , 0.45 , -3.60 , -4.38 , 0.00
Circunduccion,4.16 , 7.99 , -0.16 , -3.68 , -4.66 , 0.00
Circunduccion,3.71 , 7.53 , -2.86 , -3.71 , -5.25 , 0.00
Circunduccion,10.96 , 9.82 , 19.91 , -3.23 , -5.33 , 0.00
Circunduccion,10.64 , 13.33 , 5.50 , -1.30 , -3.80 , 0.00
Circunduccion,-2.89 , 13.71 , -30.73 , -2.84 , -3.31 , 0.00
Circunduccion,-16.51 , 9.15 , -45.78 , -2.98 , -0.93 , 0.00
Circunduccion,-13.10 , 2.54 , -13.07 , -4.02 , -2.32 , 0.00
Circunduccion,-2.12 , -0.16 , 10.35 , -4.34 , -5.20 , 0.00
Circunduccion,6.35 , 1.05 , 11.97 , -5.35 , -5.35 , 0.00
Circunduccion,7.63 , 3.08 , -7.38 , -5.53 , -5.16 , 0.00
Circunduccion,6.14 , 4.23 , -4.36 , -5.35 , -4.29 , 0.00
Circunduccion,5.28 , 5.31 , -0.48 , -5.39 , -4.40 , 0.00
Circunduccion,3.64 , 6.44 , 0.58 , -5.13 , -3.62 , 0.00
Circunduccion,3.73 , 6.42 , -2.18 , -5.01 , -3.49 , 0.00
Circunduccion,----------
Circunduccion,1.69 , 8.13 , 0.73 , -4.86 , -3.48 , 0.00
Circunduccion,1.09 , 8.74 , 0.86 , -5.00 , -3.27 , 0.00
Circunduccion,0.67 , 9.05 , 0.93 , -5.00 , -2.97 , 0.00
Circunduccion,0.28 , 9.10 , 0.42 , -4.98 , -3.07 , 0.00
Circunduccion,-0.33 , 9.53 , 0.15 , -4.98 , -3.04 , 0.00
Circunduccion,-0.18 , 9.77 , 0.09 , -5.17 , -2.28 , 0.00
Circunduccion,-0.16 , 9.50 , -0.23 , -5.02 , -2.14 , 0.00
Circunduccion,0.10 , 8.95 , -0.23 , -5.25 , -1.98 , 0.00
Circunduccion,-0.05 , 8.57 , -0.91 , -5.46 , -1.97 , 0.00
Circunduccion,11.32 , 12.48 , 50.36 , -5.06 , -3.62 , 0.00
Circunduccion,2.74 , 14.22 , -13.43 , -5.63 , -6.12 , 0.00
Circunduccion,-10.73 , 10.71 , -53.81 , -5.97 , 2.83 , 0.00
Circunduccion,-9.48 , 7.94 , -12.13 , -6.81 , 1.63 , 0.00
Circunduccion,7.07 , 13.07 , 18.48 , -6.81 , -1.81 , 0.00
Circunduccion,4.34 , 17.59 , 15.96 , -7.27 , -5.49 , 0.00
Circunduccion,3.15 , 14.47 , 2.32 , -6.11 , -3.77 , 0.00
Circunduccion,2.07 , 12.89 , -0.27 , -5.67 , -2.97 , 0.00
Circunduccion,0.31 , 12.01 , 0.48 , -5.24 , -3.15 , 0.00
Circunduccion,-1.04 , 11.61 , -0.13 , -4.74 , -2.28 , 0.00
Circunduccion,-1.69 , 10.88 , -0.47 , -4.07 , -2.49 , 0.00
Circunduccion,-1.33 , 10.21 , -0.43 , -3.79 , -1.46 , 0.00
Circunduccion,----------
Circunduccion,-1.57 , 9.63 , 0.74 , -3.33 , -1.05 , 0.00
Circunduccion,-1.44 , 9.68 , -0.31 , -3.38 , -0.79 , 0.00
Circunduccion,-1.44 , 9.65 , -0.59 , -3.16 , -1.30 , 0.00
Circunduccion,-1.25 , 9.26 , 0.11 , -3.27 , -0.87 , 0.00
Circunduccion,-0.94 , 9.36 , 1.85 , -3.30 , -1.02 , 0.00
Circunduccion,-0.85 , 9.33 , -0.64 , -2.94 , -1.01 , 0.00
Circunduccion,-0.20 , 9.20 , -0.26 , -3.03 , -1.25 , 0.00
Circunduccion,-0.04 , 9.22 , 0.10 , -3.15 , -1.99 , 0.00
Circunduccion,-0.23 , 8.88 , -0.66 , -3.34 , -1.61 , 0.00
Circunduccion,6.15 , 16.64 , 35.86 , -3.77 , -6.79 , 0.00
Circunduccion,16.78 , 16.44 , 7.70 , -4.34 , -8.22 , 0.00
Circunduccion,3.55 , 16.56 , -16.46 , -4.81 , -4.23 , 0.00
Circunduccion,-12.77 , 16.64 , -50.62 , -6.97 , -1.17 , 0.00
Circunduccion,-13.80 , 6.89 , -27.62 , -6.71 , -3.05 , 0.00
Circunduccion,-3.50 , 0.07 , 0.49 , -6.66 , -2.45 , 0.00
Circunduccion,11.95 , 4.66 , 35.58 , -6.13 , -3.26 , 0.00
Circunduccion,10.36 , 6.01 , -6.80 , -5.87 , -0.49 , 0.00
Circunduccion,7.26 , 6.13 , -3.08 , -5.15 , -0.33 , 0.00
Circunduccion,5.50 , 5.89 , -0.82 , -4.70 , -0.79 , 0.00
Circunduccion,3.90 , 6.49 , 0.87 , -4.43 , -1.39 , 0.00
Circunduccion,3.65 , 6.37 , -0.11 , -4.31 , -2.00 , 0.00
Circunduccion,----------
Circunduccion,3.37 , 5.96 , 0.43 , -4.55 , -1.95 , 0.00
Circunduccion,2.60 , 5.75 , 0.46 , -4.40 , -1.57 , 0.00
Circunduccion,1.79 , 5.74 , 0.72 , -4.24 , -1.55 , 0.00
Circunduccion,1.34 , 5.91 , 0.38 , -3.77 , -0.88 , 0.00
Circunduccion,1.20 , 5.86 , -0.58 , -3.73 , -1.01 , 0.00
Circunduccion,0.73 , 6.25 , 0.23 , -3.69 , -1.18 , 0.00
Circunduccion,0.19 , 6.03 , -0.01 , -3.56 , -0.97 , 0.00
Circunduccion,0.50 , 6.93 , -0.22 , -3.74 , -2.03 , 0.00
Circunduccion,0.37 , 6.65 , -1.27 , -3.66 , -2.02 , 0.00
Circunduccion,13.33 , 13.01 , 39.11 , -3.74 , -4.44 , 0.00
Circunduccion,9.38 , 12.79 , 1.82 , -4.35 , -5.06 , 0.00
Circunduccion,-9.80 , 16.26 , -54.06 , -7.59 , -0.96 , 0.00
Circunduccion,-13.85 , 9.01 , -25.15 , -6.23 , -0.97 , 0.00
Circunduccion,-5.41 , 5.40 , 2.93 , -6.15 , -2.54 , 0.00
Circunduccion,11.13 , 6.82 , 26.94 , -5.57 , -2.56 , 0.00
Circunduccion,5.18 , 4.62 , 1.66 , -8.04 , -5.03 , 0.00
Circunduccion,4.89 , 4.64 , 1.49 , -6.35 , -3.48 , 0.00
Circunduccion,4.60 , 5.50 , 0.05 , -4.80 , -2.22 , 0.00
Circunduccion,4.07 , 5.99 , 0.31 , -3.57 , -2.08 , 0.00
Circunduccion,4.57 , 6.61 , 0.41 , -2.57 , -1.36 , 0.00
Circunduccion,3.73 , 6.95 , 0.20 , -2.30 , -1.59 , 0.00
--------------
